example1 <- c(
  '123456_abc_stuff1',
  '123456_fgh_stuff1',
  '234567_wer',
  '23456_qwe',
  '23456_wer_wer',
  '23456_wer_abc'
)



example2 <- data.frame(list(A = rep(1:4,5) , B =rep(1:4, each = 5), C = letters[1:20] ))
